000010011
000010035
000010053
000010063
000010069
000010075
000010089
000010095
000010106
000010115
000010121
000010122
000010133
000010135
000010140
000010149
000010168
000010173
000050003
000050010
000050024
000050028
000050038
000050040
000050047
000050049
000050055
000050078
000050079
000050083
000050095
000050099
000050100
000050114
000050118
000050122
000050174
000050175
000060015
000060020
000060029
000060031
000060049
000060056
000060077
000060081
000060082
000060083
000060094
000060102
000060106
000060111
000060113
000060116
000060124
000060130
000060136
000060153
000240010
000240031
000240060
000240071
000240099
000240115
000240151
000240152
000240248
000240284
000240287
000240289
000240320
000240323
000240324
000240329
000240350
000240352
000440005
000440021
000440035
000440043
000440045
000440049
000440062
000440082
000440089
000440090
000440099
000440104
000440126
000440145
000440147
000440163
000440173
000440175
000480010
000480014
000480015
000480016
000480019
000480023
000480033
000480045
000480068
000480081
000480089
000480090
000480108
000480119
000480125
000480134
000480136
000480151
000480158
000480159
000490002
000490017
000490032
000490047
000490086
000490087
000490092
000490097
000490101
000490102
000490117
000490134
000490151
000490157
000490162
000490164
000490175
000560017
000560026
000560030
000560033
000560038
000560058
000560068
000560074
000560075
000560084
000560086
000560088
000560116
000560117
000560134
000560154
000560159
000560172
001040022
001040026
001040038
001040050
001040062
001040067
001040069
001040071
001040073
001040100
001040104
001040106
001040108
001040120
001040122
001040134
001040149
001040173
001140008
001140045
001140049
001140054
001140056
001140059
001140064
001140099
001140100
001140104
001140108
001140120
001140130
001140133
001140140
001140146
001140159
001140163
001200016
001200081
001200098
001200103
001200114
001200121
001200126
001200145
001200146
001200159
001200161
001200162
001200168
001200209
001200210
001200306
001200338
001200350
001220013
001220015
001220021
001220031
001220034
001220037
001220038
001220051
001220093
001220101
001220104
001220127
001220129
001220137
001220138
001220159
001220163
001220166
001220168
001310020
001310022
001310023
001310061
001310062
001310076
001310078
001310081
001310096
001310123
001310129
001310144
001310148
001310152
001310154
001310155
001310162
001310165
001310168
001330002
001330027
001330033
001330057
001330067
001330068
001330075
001330097
001330099
001330112
001330118
001330126
001330128
001330129
001330143
001330146
001330155
001330170
001330172
001350002
001350091
001350119
001350124
001350134
001350163
001350174
001350180
001350194
001350216
001350219
001350243
001350285
001350312
001350317
001350318
001350343
001350350
001350356
001350375
001570030
001570034
001570061
001570072
001570100
001570165
001570185
001570194
001570203
001570216
001570269
001570272
001570290
001570316
001570324
001570325
001570361
001570378
003060002
003060017
003060025
003060028
003060064
003060087
003060107
003060161
003060186
003060226
003060229
003060235
003060245
003060259
003060263
003060285
003060306
003060319
003060337
005600015
005600060
005600065
005600129
005600145
005600146
005600153
005600154
005600180
005600199
005600212
005600214
005600268
005600294
005600296
005600298
005600318
005600365
005600370
005630017
005630044
005630072
005630081
005630122
005630127
005630142
005630147
005630160
005630195
005630225
005630267
005630284
005630302
005630315
005630330
005630375
005670055
005670113
005670122
005670125
005670137
005670147
005670155
005670159
005670160
005670189
005670198
005670282
005670289
005670292
005670303
005670310
005670320
005670356
008130061
008130081
008130091
008130100
008130153
008130222
008130233
008130257
008130271
008130282
008130283
008130288
008130301
008130339
008130340
008130346
008130356
008130380
009810029
009810075
009810106
009810153
009810155
009810196
009810200
009810230
009810235
009810249
009810258
009810293
009810305
009810327
009810349
010270117
010270124
010270131
010270140
010270170
010270198
010270226
010270238
010270265
010270294
010270301
010270314
010270349
010270354
010270356
010270368
010270377
010290003
010290066
010290094
010290096
010290123
010290152
010290179
010290189
010290252
010290260
010290276
010290287
010290294
010290320
010290361
010290362
010300003
010300105
010300106
010300123
010300128
010300133
010300153
010300157
010300159
010300169
010300194
010300216
010300217
010300236
010300275
010300298
010300325
010300328
010370025
010370070
010370099
010370131
010370202
010370204
010370216
010370232
010370234
010370251
010370253
010370265
010370290
010370309
010370352
010370380
010390004
010390027
010390041
010390064
010390126
010390166
010390170
010390175
010390183
010390189
010390216
010390218
010390244
010390257
010390269
010390285
010390303
010390341
010420022
010420023
010420025
010420034
010420040
010420047
010420059
010420060
010420064
010420102
010420105
010420107
010420129
010420133
010420134
010420143
010420151
010420157
010420167
010500012
010500028
010500058
010500071
010500073
010500083
010500085
010500089
010500090
010500100
010500108
010500110
010500131
010500147
010500149
010500152
010500163
010500167
010750002
010750003
010750010
010750011
010750021
010750024
010750026
010750035
010750043
010750060
010750072
010750097
010750099
010750102
010750104
010750117
010750163
010750168
011090011
011090020
011090034
011090089
011090140
011090154
011090184
011090220
011090235
011090246
011090273
011090277
011090292
011090295
011090320
011090334
011090335
011350001
011350026
011350027
011350064
011350116
011350141
011350158
011350173
011350190
011350215
011350218
011350221
011350225
011350249
011350257
011350290
011350303
011350318
011350374
011560005
011560058
011560063
011560068
011560072
011560086
011560100
011560117
011560184
011560192
011560202
011560269
011560275
011560289
011560320
011560353
011560372
011860256
011860263
011860264
011860285
011860287
011860292
011860298
011860301
011860308
011860317
011860332
011860335
011860346
011860359
011860361
011860363
011860373
011860377
012030010
012030013
012030024
012030027
012030031
012030036
012030043
012030053
012030055
012030058
012030072
012030078
012030083
012030097
012030116
012920007
012920027
012920054
012920073
012920085
012920110
012920121
012920143
012920155
012920214
012920254
012920259
012920268
012920270
012920301
012920368
013360001
013360002
013360016
013360082
013360123
013360130
013360140
013360146
013360162
013360171
013360234
013360235
013360257
013360263
013360268
013360360
013360363
013620027
013620106
013620108
013620128
013620137
013620140
013620143
013620146
013620162
013620175
013620184
013620185
013620210
013620241
013620257
013620258
013620292
013620361
013620366
013720051
013720070
013720082
013720140
013720152
013720153
013720167
013720189
013720199
013720215
013720233
013720256
013720275
013720311
013720360
014040005
014040013
014040027
014040052
014040072
014040081
014040089
014040090
014040097
014040109
014040111
014040122
014040124
014040145
014040152
014040155
014080008
014080073
014080091
014080103
014080117
014080134
014080149
014080178
014080201
014080243
014080270
014080279
014080333
014080336
014080337
014080339
014080358
014080361
014080362
014190006
014190025
014190027
014190030
014190055
014190059
014190064
014190071
014190073
014190081
014190088
014190095
014190107
014190114
014190128
014190172
014220001
014220021
014220027
014220038
014220044
014220048
014220058
014220066
014220070
014220081
014220102
014220140
014220159
014220160
014220167
014350004
014350012
014350016
014350017
014350018
014350020
014350022
014350028
014350085
014350094
014350103
014350110
014350127
014350133
014350146
014350153
014350157
014350158
014350163
014350165
014470007
014470026
014470031
014470038
014470053
014470060
014470063
014470072
014470084
014470100
014470124
014470140
014470141
014470149
014470150
014650011
014650023
014650037
014650038
014650040
014650041
014650043
014650047
014650058
014650059
014650063
014650087
014650108
014650113
014650125
014650145
014650164
015010004
015010014
015010033
015010038
015010041
015010079
015010087
015010094
015010097
015010103
015010115
015010121
015010125
015010137
015010145
015010151
015010156
015010159
015010169
015010170
015020001
015020010
015020017
015020022
015020029
015020045
015020061
015020065
015020070
015020088
015020097
015020099
015020101
015020113
015020126
015020136
015020162
015030001
015030005
015030010
015030027
015030030
015030041
015030067
015030077
015030106
015030109
015030115
015030122
015030125
015030133
015030142
015030150
020070039
020070050
020070065
020070066
020070070
020070079
020070081
020070083
020070086
020070091
020070095
020070105
020070132
020070146
020070152
020070153
020070157
020070165
020070166
020160068
020160093
020160128
020160132
020160151
020160171
020160178
020160207
020160222
020160264
020160295
020160312
020160318
020160335
020160344
020160347
020160371
020220021
020220023
020220048
020220056
020220072
020220091
020220120
020220122
020220139
020220141
020220176
020220200
020220221
020220232
020220259
020220264
020220295
020220366
020310032
020310075
020310085
020310112
020310114
020310141
020310148
020310151
020310154
020310174
020310273
020310281
020310295
020310297
020310322
020310335
020310376
020360017
020360019
020360036
020360055
020360089
020360097
020360100
020360136
020360143
020360202
020360220
020360228
020360299
020360301
020360302
020360312
020360329
020590022
020590026
020590047
020590077
020590103
020590121
020590122
020590123
020590144
020590151
020590164
020590181
020590228
020590265
020590274
020590276
020590290
020590322
020590359
020590376
020610010
020610014
020610061
020610090
020610122
020610134
020610166
020610168
020610175
020610194
020610206
020610207
020610291
020610302
020610316
020610328
020610341
020610343
021290009
021290011
021290068
021290121
021290144
021290148
021290160
021290169
021290173
021290200
021290209
021290235
021290261
021290282
021290291
021290319
021290324
021290326
021290371
021790025
021790030
021790035
021790039
021790040
021790055
021790081
021790083
021790084
021790108
021790112
021790125
021790149
021790152
021790168
021790169
021790173
022420015
022420045
022420067
022420086
022420106
022420129
022420138
022420146
022420164
022420168
022420172
022420273
022420288
022420292
022420306
022420342
022420348
022420362
022510066
022510069
022510089
022510093
022510122
022510152
022510166
022510190
022510211
022510230
022510237
022510255
022510266
022510276
022510291
022510300
022510320
022510323
022510368
022520012
022520036
022520067
022520159
022520174
022520200
022520203
022520209
022520221
022520225
022520226
022520258
022520290
022520337
022520345
022520358
022520360
022520366
022520375
023550002
023550003
023550008
023550013
023550099
023550123
023550138
023550167
023550175
023550201
023550202
023550230
023550257
023550260
023550290
023550310
023550319
023550341
024020047
024020051
024020053
024020069
024020142
024020158
024020175
024020176
024020205
024020238
024020253
024020256
024020260
024020265
024020291
024020321
024020328
024270011
024270019
024270028
024270051
024270053
024270057
024270077
024270127
024270168
024270178
024270183
024270197
024270206
024270292
024270313
024270336
024300001
024300061
024300063
024300065
024300068
024300080
024300082
024300093
024300099
024300118
024300131
024300132
024300135
024300189
024300221
024300270
024300330
024300345
024300360
024410049
024410052
024410092
024410098
024410110
024410149
024410160
024410222
024410240
024410294
024410312
024410318
024410350
024410368
024410377
024480016
024480028
024480095
024480105
024480127
024480159
024480212
024480232
024480241
024480244
024480251
024480255
024480270
024480297
024480335
024500006
024500033
024500095
024500126
024500139
024500141
024500147
024500151
024500156
024500164
024500228
024500250
024500268
024500317
024500327
024500333
024500350
024500363
024510043
024510061
024510070
024510114
024510164
024510179
024510195
024510206
024510224
024510275
024510316
024510336
024510375
024880041
024880059
024880070
024880118
024880155
024880176
024880194
024880195
024880207
024880210
024880234
024880258
024880267
024880269
024880299
024880303
024880339
025380004
025380051
025380065
025380091
025380107
025380133
025380151
025380152
025380158
025380162
025380175
025380202
025380217
025380256
025380277
025380298
025380340
025380347
027990028
027990046
027990056
027990059
027990066
027990153
027990156
027990160
027990162
027990167
027990232
027990242
027990247
027990309
027990328
027990330
027990341
029810020
029810135
029810139
029810147
029810158
029810200
029810204
029810216
029810221
029810234
029810235
029810243
029810283
029810294
029810315
029810349
029810350
029810360
030020008
030020012
030020022
030020047
030020048
030020065
030020077
030020092
030020100
030020112
030020117
030020138
030020144
030020152
030020161
030020162
030020172
030070017
030070022
030070025
030070043
030070049
030070054
030070058
030070066
030070093
030070094
030070099
030070108
030070111
030070112
030070135
030070138
030070152
030070159
030120001
030120003
030120018
030120021
030120029
030120044
030120072
030120079
030120089
030120097
030120106
030120141
030120150
030120154
030120155
030120163
030120173
030200005
030200011
030200016
030200018
030200019
030200021
030200037
030200041
030200049
030200057
030200076
030200078
030200087
030200101
030200105
030200108
030200137
030200151
030200153
030210005
030210032
030210041
030210042
030210044
030210045
030210047
030210050
030210060
030210074
030210079
030210082
030210123
030210137
030210143
030210152
030210164
030230003
030230018
030230056
030230060
030230086
030230092
030230119
030230170
030230182
030230194
030230209
030230253
030230260
030230276
030230280
030230330
030230336
030230340
030230374
030460038
030460048
030460051
030460052
030460071
030460085
030460106
030460110
030460114
030460126
030460133
030460142
030460146
030460147
030460157
030460158
030460163
030490010
030490013
030490029
030490040
030490055
030490062
030490063
030490076
030490095
030490126
030490127
030490130
030490138
030490140
030490142
030490166
030490168
030490170
030680003
030680005
030680009
030680016
030680034
030680037
030680045
030680054
030680056
030680072
030680075
030680090
030680092
030680097
030680105
030680114
030680119
030680140
030680162
030750012
030750030
030750034
030750057
030750058
030750061
030750074
030750076
030750078
030750088
030750093
030750098
030750108
030750119
030750128
030750146
030750155
030750165
030750170
032080019
032080043
032080056
032080058
032080071
032080078
032080079
032080083
032080088
032080092
032080093
032080099
032080103
032080145
032080150
032080161
034120002
034120012
034120027
034120035
034120050
034120052
034120067
034120077
034120085
034120101
034120111
034120125
034120155
034120161
034120162
034120165
034120170
034120173
034120174
034230011
034230034
034230035
034230043
034230051
034230058
034230063
034230072
034230079
034230081
034230083
034230085
034230112
034230115
034230141
034230154
034230164
034230168
038370013
038370019
038370045
038370052
038370056
038370060
038370061
038370068
038370070
038370081
038370097
038370105
038370107
038370142
038370153
038370160
038370167
038370170
050290028
050290038
050290042
050290060
050290062
050290068
050290079
050290087
050290132
050290136
050290145
050290149
050290156
050290162
050290167
050290174
050390001
050390011
050390020
050390021
050390038
050390040
050390048
050390049
050390057
050390081
050390084
050390087
050390090
050390092
050390097
050390114
050390129
050390130
050390175
050720001
050720006
050720017
050720025
050720040
050720045
050720063
050720076
050720078
050720079
050720102
050720124
050720126
050720136
050720138
050720158
050720175
051950005
051950011
051950018
051950025
051950032
051950033
051950038
051950044
051950050
051950051
051950067
051950086
051950088
051950138
051950154
051950163
051950164
051950170
052200008
052200020
052200044
052200050
052200064
052200066
052200089
052200092
052200094
052200095
052200101
052200110
052200142
052200150
052200152
052200155
052200162
052200168
054080004
054080008
054080011
054080019
054080021
054080033
054080035
054080042
054080065
054080081
054080109
054080123
054080138
054080150
054080151
054080154
054080163
054080165
054080167
054080174
054140003
054140010
054140015
054140039
054140051
054140077
054140098
054140106
054140113
054140115
054140118
054140122
054140127
054140154
054140158
054180014
054180015
054180021
054180029
054180033
054180059
054180063
054180075
054180076
054180079
054180087
054180091
054180096
054180123
054180126
054180130
054180174
054240025
054240038
054240039
054240048
054240053
054240079
054240091
054240093
054240094
054240097
054240099
054240109
054240115
054240116
054240117
054240138
054240152
060100004
060100009
060100034
060100037
060100041
060100047
060100066
060100081
060100092
060100100
060100101
060100105
060100124
060100128
060100132
060100147
060100154
060100159
060100164
060480005
060480008
060480012
060480018
060480037
060480050
060480082
060480084
060480090
060480094
060480102
060480104
060480131
060480134
060480135
060480147
060480148
060480168
060480169
060990011
060990014
060990023
060990029
060990030
060990034
060990035
060990039
060990059
060990078
060990083
060990093
060990117
060990121
060990124
060990129
060990155
060990168
060990175
065040007
065040009
065040011
065040028
065040042
065040044
065040045
065040049
065040077
065040112
065040118
065040124
065040126
065040127
065040160
080630011
080630014
080630019
080630030
080630038
080630044
080630053
080630062
080630086
080630091
080630093
080630094
080630123
080630125
080630140
080630147
080630152
080630155
080630170
085850006
085850039
085850042
085850044
085850046
085850056
085850075
085850088
085850092
085850094
085850101
085850108
085850119
085850120
085850138
085850146
085850161
085850170
090340002
090340021
090340032
090340039
090340041
090340043
090340054
090340071
090340085
090340088
090340108
090340114
090340126
090340131
090340155
090340158
090340164
091070001
091070033
091070038
091070049
091070056
091070061
091070074
091070089
091070108
091070135
091070138
091070140
091070142
091070143
091070162
091070163
091070174
091070175
091180015
091180025
091180035
091180042
091180044
091180050
091180056
091180064
091180075
091180078
091180091
091180110
091180133
091180151
091180157
091180159
091180161
091180163
095550027
095550043
095550044
095550046
095550051
095550053
095550073
095550075
095550081
095550082
095550092
095550100
095550107
095550116
095550126
095550134
095550143
095550146
095550148
095550173
096070002
096070005
096070006
096070007
096070008
096070011
096070012
096070014
096070015
096070016
096070017
096070018
096070019
096070021
096070023
096080003
096080005
096080006
096080007
096080008
096080010
096080012
096080013
096080014
096080015
096080017
096080018
096080021
096080022
096080023
096080027
096100001
096100002
096100003
096100004
096100005
096100006
096100007
096100008
096100009
096100011
096100013
096100014
096100015
096100016
096100017
096100018
096100019
096110001
096110002
096110003
096110004
096110005
096110008
096110009
096110011
096110012
096110013
096110014
096110015
096110017
096110018
096110019
096110021
096110022
096110023
096120001
096120003
096120004
096120005
096120007
096120008
096120009
096120010
096120011
096120012
096120013
096120014
096120015
096120016
096120017
096120018
096120020
096140002
096140003
096140004
096140005
096140006
096140007
096140008
096140009
096140010
096140011
096140012
096140014
096140016
096140018
096140020
096140021
096140022
096150003
096150005
096150006
096150007
096150009
096150010
096150011
096150016
096150017
096150019
096150020
096150021
096150024
096150025
096150027
096150028
096170001
096170002
096170003
096170004
096170007
096170008
096170009
096170010
096170011
096170012
096170013
096170014
096170015
096170018
096170020
096170022
096170023
096170024
096250001
096250002
096250004
096250005
096250007
096250008
096250009
096250011
096250012
096250013
096250015
096250016
096250017
096250020
096250021
096250023
096280011
096280012
096280013
096280014
096280015
096280016
096280017
096280018
096280019
096280020
096280021
096280022
096280023
096280024
096280025
096280026
096280027
096280028
096280029
096300001
096300002
096300003
096300004
096300005
096300006
096300007
096300008
096300009
096300010
096300011
096300013
096300014
096300015
096300017
096300018
096300019
096300020
096330003
096330005
096330006
096330007
096330008
096330009
096330010
096330011
096330013
096330014
096330015
096330016
096330017
096330019
096330020
096330021
096330022
096340004
096340005
096340006
096340007
096340008
096340009
096340010
096340011
096340014
096340015
096340016
096340017
096340018
096340019
096340020
096340021
096340022
096340023
096350006
096350007
096350008
096350009
096350011
096350012
096350014
096350015
096350016
096350018
096350020
096350021
096350023
096350024
096350025
096350026
096350027
096390001
096390002
096390003
096390004
096390005
096390006
096390007
096390009
096390011
096390012
096390014
096390015
096390016
096390017
096390019
096390020
096430002
096430003
096430004
096430005
096430007
096430008
096430009
096430010
096430011
096430012
096430013
096430014
096430015
096430018
096430019
096430020
096430021
096450001
096450002
096450003
096450004
096450005
096450006
096450007
096450008
096450010
096450011
096450012
096450013
096450014
096450015
096450016
096450017
096450019
096450020
096460002
096460005
096460006
096460007
096460008
096460010
096460011
096460012
096460013
096460014
096460015
096460016
096460017
096460018
096460019
096460020
096460021
096490001
096490002
096490004
096490005
096490006
096490007
096490008
096490009
096490010
096490012
096490013
096490014
096490015
096490016
096490017
096490018
096490019